Matrix:
1	0	0	0

0	1	0	0

0	0	1	0

0	0	18	1

Inverse Matrix: 
1	0	0	0

0	1	0	0

0	0	1	0

0	0	-18	1

Matrix:
1	0	0	0

0	1.3	0	0

0	0	1	0

9.7	0	15	1

Inverse Matrix: 
1	0	0	0

0	0.8	0	0

0	0	1	0

-9.7	0	-15	1

Matrix:
1	0	0	0

0	1.3	0	0

0	0	1	0

16	0	7.5	1

Inverse Matrix: 
1	0	0	0

0	0.79	0	0

0	0	1	0

-16	0	-7.5	1

Matrix:
1	0	0	0

0	1	0	0

0	0	1	0

18	0	-2.6	1

Inverse Matrix: 
1	0	0	0

0	0.96	0	0

0	0	1	0

-18	0	2.6	1

Matrix:
1	0	0	0

0	0.77	0	0

0	0	1	0

14	0	-12	1

Inverse Matrix: 
1	0	0	0

0	1.3	0	0

0	0	1	0

-14	0	12	1

Matrix:
1	0	0	0

0	0.71	0	0

0	0	1	0

5.1	0	-17	1

Inverse Matrix: 
1	0	0	0

0	1.4	0	0

0	0	1	0

-5.1	0	17	1

Matrix:
1	0	0	0

0	0.92	0	0

0	0	1	0

-5.1	0	-17	1

Inverse Matrix: 
1	0	0	0

0	1.1	0	0

0	0	1	0

5.1	0	17	1

Matrix:
1	0	0	0

0	1.2	0	0

0	0	1	0

-14	0	-12	1

Inverse Matrix: 
1	0	0	0

0	0.84	0	0

0	0	1	0

14	0	12	1

Matrix:
1	0	0	0

0	1.3	0	0

0	0	1	0

-18	0	-2.6	1

Inverse Matrix: 
1	0	0	0

0	0.77	0	0

0	0	1	0

18	0	2.6	1

Matrix:
1	0	0	0

0	1.1	0	0

0	0	1	0

-16	0	7.5	1

Inverse Matrix: 
1	0	0	0

0	0.89	0	0

0	0	1	0

16	0	-7.5	1

Matrix:
1	0	0	0

0	0.84	0	0

0	0	1	0

-9.7	0	15	1

Inverse Matrix: 
1	0	0	0

0	1.2	0	0

0	0	1	0

9.7	0	-15	1

Matrix:
0.58	-0.59	0.097	0

0.59	0.54	-0.25	0

0.097	0.25	0.77	0

5	-0.5	0	1

Inverse Matrix: 
0.58	0.59	0.097	0

-0.59	0.54	0.25	0

0.097	-0.25	0.77	0

-3.2	-2.7	-0.36	1

Matrix:
0.77	0.25	-0.097	0

-0.25	0.54	-0.59	0

-0.097	0.59	0.58	0

5	-0.5	0	1

Inverse Matrix: 
0.77	-0.25	-0.097	0

0.25	0.54	0.59	0

-0.097	-0.59	0.58	0

-3.7	1.5	0.78	1

Matrix:
0.3	0	0	0

0	1.5	0	0

0	0	1.5	0

-11	0	0	1

Inverse Matrix: 
3.3	0	0	0

0	0.67	0	0

0	0	0.67	0

37	0	0	1

